6,27,58,60,116,129,141,179,
2,18,39,42,59,94,109,111,113,153,169,172,
1,13,38,73,87,103,149,168,185,195,
63,67,77,83,110,112,127,131,157,176,180,
7,8,24,36,73,98,106,112,132,146,173,
16,67,72,77,102,107,123,175,185,
0,46,57,65,68,87,119,120,135,136,150,
4,20,22,23,31,66,89,102,142,186,197,
4,10,23,32,78,88,99,161,191,

8,46,53,76,81,84,86,96,131,133,142,184,
64,153,180,
14,24,56,60,62,98,116,181,191,
2,22,25,87,106,141,144,165,172,180,
12,39,70,109,118,124,127,129,144,156,163,182,193,
27,52,123,130,148,176,190,
5,26,43,58,64,133,155,
53,92,113,120,143,145,179,182,
1,41,53,74,99,109,121,168,170,187,194,
97,113,145,172,181,
7,48,77,84,116,126,127,146,
54,57,122,141,180,194,195,
7,13,45,85,101,108,154,
7,8,37,58,83,145,166,185,
4,12,28,34,35,62,70,73,152,
13,26,42,52,62,63,76,84,87,103,133,142,163,172,175,176,182,198,
16,25,34,133,143,181,183,186,192,
0,15,32,43,55,87,88,97,101,111,141,163,175,185,
24,43,142,163,167,172,
33,48,64,68,73,75,84,86,87,90,114,124,140,153,161,163,165,
35,58,103,107,
7,36,47,52,68,88,150,197,
8,27,38,95,97,98,115,158,175,176,193,199,
29,35,44,92,130,137,
24,26,42,43,52,53,82,92,102,107,125,134,
24,30,33,39,77,88,90,173,
4,31,87,92,93,120,124,126,170,198,
23,57,68,73,109,112,113,142,165,186,190,
2,32,50,58,83,91,95,101,113,129,133,135,149,163,179,183,191,146,
1,14,35,77,106,108,112,155,175,187,
45,68,69,91,144,147,
18,69,88,121,153,195,
1,25,34,72,106,111,126,
16,27,28,34,85,107,114,123,150,160,
33,60,71,91,122,125,141,142,150,152,158,168,174,
22,40,48,67,86,95,107,131,161,171,183,
6,10,65,84,92,95,109,167,183,192,
31,50,54,122,123,135,149,159,186,
20,29,45,62,78,105,135,144,149,160,161,168,191,
78,90,106,112,117,119,157,170,
38,47,63,84,87,123,125,142,155,180,185,199,
61,67,88,92,107,116,123,127,132,138,145,168,172,
15,25,31,34,60,90,132,159,168,197,
10,17,18,34,80,93,102,109,122,126,150,161,180,186,191,193,
21,47,56,57,71,160,162,183,199,
27,99,110,126,132,145,151,153,173,199,
12,54,68,91,109,128,159,183,193,196,
6,21,37,54,59,67,98,99,119,127,132,160,
0,16,23,30,38,70,76,78,118,127,148,153,
1,57,62,80,143,191,
0,12,44,52,78,86,132,140,142,161,163,164,
51,75,91,96,127,133,143,149,162,
12,24,25,48,59,96,116,124,135,136,171,173,177,194,
3,25,50,97,106,111,124,125,149,155,168,177,195,
11,16,29,75,90,110,140,165,170,183,
6,46,71,110,113,122,126,138,145,158,170,
7,137,145,167,
3,5,45,51,57,70,72,135,142,165,172,184,
6,29,31,37,40,56,109,142,152,164,174,179,181,191,
40,41,72,119,169,
14,24,58,67,118,139,140,151,157,163,170,
44,54,65,83,106,130,135,
5,42,67,69,87,109,167,176,185,
2,4,24,29,37,99,139,146,193,198,
18,100,110,134,149,
29,61,64,104,116,176,
10,25,58,90,108,110,122,123,124,162,199,
3,5,20,35,39,114,126,136,170,175,190,
8,48,49,58,60,107,158,
92,118,152,178,190,194,196,
53,59,100,101,120,134,144,160,161,177,188,
10,102,187,195,
34,88,98,131,142,162,166,172,191,
3,38,23,71,92,97,128,153,155,171,
10,20,25,29,46,50,99,117,149,168,183,185,
22,43,119,134,170,172,177,186,187,
10,29,45,60,95,96,114,128,144,155,161,175,190,
2,6,13,25,27,29,36,50,72,98,120,195,196,
8,27,31,35,41,51,82,98,101,121,147,169,182,
7,150,173,192,
29,35,49,52,64,76,93,107,169,195,
38,40,44,56,61,110,136,139,161,165,188,191,
17,33,34,36,46,51,79,83,103,108,130,172,177,182,
36,53,90,125,136,157,
1,103,119,123,150,190,
38,32,45,46,86,97,149,171,191,
10,61,62,86,104,113,142,166,179,
19,27,32,63,83,95,105,109,129,167,
4,12,32,57,82,87,88,126,150,186,197,199,
8,18,55,57,73,84,193,
74,80,141,
22,27,38,80,88,113,145,160,179,191,
5,7,34,53,81,125,148,181,
2,25,30,92,94,105,140,199,
75,96,129,137,151,193,
48,97,103,129,152,163,177,180,
4,13,39,42,49,63,71,180,
5,30,34,43,45,51,78,90,116,132,167,
22,39,76,92,
1,14,18,37,46,53,56,68,72,97,122,135,163,195,198,
3,55,64,65,74,76,91,113,114,120,
1,27,42,63,194,
3,4,37,39,49,122,169,170,197,
1,17,19,37,38,65,96,101,110,121,124,149,151,183,185,
29,43,77,86,110,131,158,179,191,
32,137,155,160,162,172,182,
0,12,20,51,62,75,107,122,163,179,
49,84,135,136,139,147,164,167,175,189,
14,58,70,79,173,180,193,
6,49,57,69,85,94,128,152,155,194,
6,17,36,80,87,110,137,193,
18,41,88,113,127,168,
21,44,47,53,65,76,109,112,116,144,152,153,159,185,
5,15,43,47,50,51,76,94,156,157,161,198,
14,29,36,62,63,76,113,158,171,175,187,
34,44,50,63,93,102,132,139,142,151,152,153,155,175,178,
20,36,42,53,55,65,77,98,136,154,
3,14,20,51,57,58,61,121,130,139,
56,83,86,119,130,139,150,191,
0,38,14,97,104,105,181,190,195,
15,33,71,92,127,128,147,173,
3,10,45,82,114,164,179,182,185,
4,51,52,55,57,60,107,125,145,154,189,
38,10,16,25,26,61,142,169,190,
34,74,80,85,174,180,
6,38,47,48,62,67,71,109,117,139,167,168,
6,62,77,91,93,117,126,146,178,179,181,
33,66,104,115,120,190,198,
51,65,141,153,169,
70,73,91,117,125,127,128,135,198,
29,60,64,70,103,
0,13,21,27,44,100,138,146,169,
7,10,25,28,37,44,50,60,67,68,82,96,125,133,160,189,
17,26,59,61,188,197,
13,14,40,48,80,86,122,154,168,188,
17,19,23,51,55,65,66,101,132,146,
4,38,20,73,136,141,145,156,198,
40,88,117,130,157,172,185,
15,58,102,178,199,
2,38,47,48,61,63,74,84,95,113,170,188,192,
6,31,43,44,53,89,94,98,128,189,
55,70,104,113,125,160,172,196,
24,44,68,79,105,119,122,125,157,183,184,
1,11,29,41,55,58,83,122,125,138,169,177,182,
22,126,132,144,155,162,
16,39,50,63,83,86,115,119,125,154,180,191,193,
14,123,146,161,192,197,
3,49,70,93,123,147,152,165,176,180,
32,44,65,78,114,124,173,
47,52,56,122,164,180,
43,48,54,57,80,101,115,142,151,
8,29,45,48,53,60,80,86,91,123,156,
54,61,76,82,115,154,164,189,
38,14,25,27,28,29,60,70,105,109,116,170,189,
60,68,117,131,159,162,165,188,194,
13,29,37,64,67,91,157,164,170,193,
23,82,96,
28,46,66,72,97,107,117,135,168,169,176,
2,18,44,48,51,52,63,84,121,135,144,167,190,193,
1,69,88,90,112,133,138,141,153,167,185,
18,36,49,64,65,70,77,85,112,149,163,165,
45,62,83,95,124,173,
1,13,19,25,28,51,67,82,85,92,115,147,151,
4,35,55,62,89,118,130,158,171,178,180,183,
44,68,134,181,186,
5,25,27,32,39,77,86,117,124,125,
3,15,25,32,72,75,157,167,197,
62,63,80,85,92,105,153,
79,125,136,148,173,
0,38,17,68,96,101,114,116,131,136,182,197,
3,11,13,21,50,53,105,106,118,134,155,157,159,173,187,190,
12,19,26,68,102,129,136,174,
14,17,25,88,92,115,131,153,179,186,
26,38,45,46,54,56,64,84,113,152,173,
10,67,152,
2,5,23,27,50,72,84,113,122,131,147,169,
7,26,37,47,53,85,98,174,182,
18,39,81,85,124,180,188,199,
80,91,143,144,149,164,187,190,195,198,
117,132,142,150,162,163,
15,37,77,79,86,94,129,133,137,168,180,188,
8,12,38,48,53,59,68,82,91,95,101,114,128,155,194,
26,46,89,149,156,
14,32,53,56,73,99,104,118,120,155,165,168,194,
18,21,62,79,111,119,164,191,193,
2,21,41,63,81,87,90,109,129,188,
56,79,87,151,
7,31,52,98,112,143,156,176,179,
25,36,73,109,123,137,139,146,188,
32,50,54,55,76,98,103,148,187,
