32,47,
61,128,150,170,
26,
66,117,152,193,199,
159,

22,145,
61,64,115,
40,73,160,

59,71,

190,
96,111,
22,61,
48,155,
70,143,
126,140,183,

170,176,
47,53,156,157,160,
32,127,
6,14,158,
92,131,151,
50,58,

2,
30,65,105,118,129,169,

180,190,
27,52,138,
140,141,155,171,
0,21,96,118,156,
38,56,110,
120,137,174,
94,139,
165,
102,130,139,193,
33,146,169,
124,
8,41,
40,188,


69,160,

103,180,
0,20,182,
15,107,111,122,155,160,190,
74,140,176,
24,53,
145,147,
30,144,
20,50,119,122,125,
70,192,
191,
33,90,
115,145,
24,65,72,132,
10,132,140,
61,117,191,
1,7,14,60,99,
76,
80,165,191,
7,74,
27,58,129,
3,127,155,
80,146,170,
166,184,189,
44,
16,54,
10,74,133,
58,
8,
49,64,71,129,197,
153,188,
62,
107,184,
91,135,

63,67,192,
197,198,

134,

164,
91,105,154,158,
195,199,
112,

56,
78,86,
23,107,174,
166,168,192,
35,135,
99,173,
13,32,192,195,

140,
61,95,180,185,


37,137,
46,132,193,
133,137,162,
27,86,
163,
48,77,92,
183,

33,
13,48,117,
88,176,
126,
128,163,
7,57,198,
145,154,
3,60,111,134,136,177,
27,32,194,
53,151,
34,181,
129,
48,53,135,192,

39,
53,133,
17,113,
21,66,
1,114,
27,65,74,121,
37,161,
23,
58,59,103,
71,104,125,134,
83,117,133,157,171,
78,94,122,149,
117,
34,102,104,
30,
35,37,
17,31,49,59,98,
31,
197,
16,
52,
6,51,57,116,177,
38,67,
51,
193,
135,
1,
23,119,166,
3,
75,194,
86,116,
15,31,48,66,165,
20,32,
20,134,
22,86,
4,
8,20,44,48,
130,
104,
106,114,
85,
36,63,155,
68,93,151,

93,
27,38,
1,19,67,193,
31,134,

95,
34,92,

19,49,112,191,
117,145,


29,46,99,
120,192,198,
47,
17,108,
68,77,
99,


41,75,
68,
12,29,48,
55,60,63,176,
54,80,93,96,122,181,
3,37,103,148,170,
118,153,
87,96,

74,81,142,
81,115,181,
3,87,
